S	2	-1
1	0	0
C	3	2
0.32998	0.330041	0.32998	0.01	0
0.33	0.33	0.33	0.01	0
0.33	0.33	0.33	0.01	0
0	0	0	0	0.157171	0.406678	0.407519	0.0113519	0.00846866	0.00881173	0
0.0296832	0.911111	0.0295835	0.0296225	0	0	0	0	0	0	0
0.0494304	0.0495137	0.0494221	0.851634	0	0	0	0	0	0	0
0	0	0	0	0	0	0	0	0	0	1
0	0	0	0	0	0	0	0	0	0	1
C	4	3
0.968694	0.00565396	0.0056519	0.01	0.01
0.444882	0.514474	0.0206438	0.01	0.01
0.0372706	0	0.942729	0.01	0.01
0.326667	0.326667	0.326667	0.01	0.01
0.163333	0.163333	0.163333	0.01	0.5
0	0	0	0	0.362773	0.12818	0.243821	0.00752256	0.00748348	0.250219	0
0.850024	0.0500679	0.0499286	0.0499799	0	0	0	0	0	0	0
0.0494397	0.851617	0.0494395	0.0495037	0	0	0	0	0	0	0
0	0	0	0	0	0	0	0	0	0	1
0	0	0	0	0	0	0	0	0	0	1
C	5	4
0.964205	0.0100605	0.00573412	0.01	0.01
0.0363387	0.906477	0.0371839	0.01	0.01
0.942716	0	0.0372844	0.01	0.01
0.326667	0.326667	0.326667	0.01	0.01
0.163333	0.163333	0.163333	0.01	0.5
0	0	0	0	0.00763143	0.245587	0.00763861	0.48618	0.245473	0.00748872	0
0.0280873	0.915731	0.0280849	0.0280969	0	0	0	0	0	0	0
0.248977	0.249016	0.248974	0.253032	0	0	0	0	0	0	0
0	0	0	0	0	0	0	0	0	0	1
0	0	0	0	0	0	0	0	0	0	1
C	6	5
0.969939	0.00503091	0.00503059	0.01	0.01
0.0194666	0.94108	0.0194532	0.01	0.01
0.484195	0	0.495805	0.01	0.01
0.326667	0.326667	0.326667	0.01	0.01
0.163333	0.163333	0.163333	0.01	0.5
0	0	0	0	0.365908	0.126839	0.3642	0.127826	0.00776642	0.00746113	0
0.0279013	0.916383	0.0278577	0.0278579	0	0	0	0	0	0	0
0.248988	0.253001	0.248985	0.249025	0	0	0	0	0	0	0
0	0	0	0	0	0	0	0	0	0	1
0	0	0	0	0	0	0	0	0	0	1
C	7	6
0.848595	0.00505567	0.12635	0.01	0.01
0.0192827	0.94144	0.0192777	0.01	0.01
0.495681	0	0.484319	0.01	0.01
0.326667	0.326667	0.326667	0.01	0.01
0.163333	0.163333	0.163333	0.01	0.5
0	0	0	0	0.279732	0.280234	0.279297	0.0136468	0.138119	0.00897146	0
0.470766	0.473597	0.0278183	0.0278185	0	0	0	0	0	0	0
0.0500004	0.0500023	0.0500003	0.849997	0	0	0	0	0	0	0
0	0	0	0	0	0	0	0	0	0	1
0	0	0	0	0	0	0	0	0	0	1
C	8	7
0.00664428	0.966727	0.00662885	0.01	0.01
0.0192558	0.941488	0.0192563	0.01	0.01
0.942307	0	0.0376928	0.01	0.01
0.326667	0.326667	0.326667	0.01	0.01
0.163333	0.163333	0.163333	0.01	0.5
0	0	0	0	0.0454516	0.0454561	0.0454776	0.0455085	0.0454695	0.772637	0
0.114791	0.871687	0.00676334	0.00675841	0	0	0	0	0	0	0
0.250017	0.249994	0.249994	0.249995	0	0	0	0	0	0	0
0	0	0	0	0	0	0	0	0	0	1
0	0	0	0	0	0	0	0	0	0	1
C	9	8
0.907382	0.0363222	0.0362956	0.01	0.01
0.00447682	0.971046	0.00447681	0.01	0.01
0.490035	0	0.489965	0.01	0.01
0.326667	0.326667	0.326667	0.01	0.01
0.163333	0.163333	0.163333	0.01	0.5
0	0	0	0	0.0454671	0.772709	0.0454564	0.0454612	0.0454532	0.0454533	0
0.76366	0.114831	0.114747	0.00676298	0	0	0	0	0	0	0
0.250002	0.249999	0.249999	0.249999	0	0	0	0	0	0	0
0	0	0	0	0	0	0	0	0	0	1
0	0	0	0	0	0	0	0	0	0	1
C	10	9
0.907386	0.0363174	0.0362965	0.01	0.01
0.00447603	0.971048	0.00447603	0.01	0.01
0.490003	0	0.489997	0.01	0.01
0.326667	0.326667	0.326667	0.01	0.01
0.163333	0.163333	0.163333	0.01	0.5
0	0	0	0	0.0454559	0.0454575	0.0454574	0.772702	0.0454677	0.0454597	0
0.114877	0.00676249	0.763633	0.114727	0	0	0	0	0	0	0
0.250001	0.25	0.25	0.25	0	0	0	0	0	0	0
0	0	0	0	0	0	0	0	0	0	1
0	0	0	0	0	0	0	0	0	0	1
C	11	10
0.907359	0.0363245	0.0363161	0.01	0.01
0.00447596	0.971048	0.00447596	0.01	0.01
0.490001	0	0.489999	0.01	0.01
0.326667	0.326667	0.326667	0.01	0.01
0.163333	0.163333	0.163333	0.01	0.5
0	0	0	0	0.0454747	0.772619	0.0454746	0.0454757	0.0454747	0.0454816	0
0.00675887	0.114966	0.00677298	0.871503	0	0	0	0	0	0	0
0.25	0.25	0.25	0.25	0	0	0	0	0	0	0
0	0	0	0	0	0	0	0	0	0	1
0	0	0	0	0	0	0	0	0	0	1
C	12	11
0.906741	0.0366299	0.0366287	0.01	0.01
0.00447499	0.97105	0.00447499	0.01	0.01
0.49	0	0.49	0.01	0.01
0.326667	0.326667	0.326667	0.01	0.01
0.163333	0.163333	0.163333	0.01	0.5
0	0	0	0	0.0457943	0.0457949	0.0458071	0.0457943	0.0457944	0.771015	0
0.00674965	0.223729	0.654801	0.114721	0	0	0	0	0	0	0
0.25	0.25	0.25	0.25	0	0	0	0	0	0	0
0	0	0	0	0	0	0	0	0	0	1
0	0	0	0	0	0	0	0	0	0	1
C	13	12
0.0396531	0.900694	0.039653	0.01	0.01
0.00447062	0.971059	0.00447062	0.01	0.01
0.49	0	0.49	0.01	0.01
0.326667	0.326667	0.326667	0.01	0.01
0.163333	0.163333	0.163333	0.01	0.5
0	0	0	0	0.166652	0.166652	0.166652	0.166652	0.166652	0.16674	0
0.00610006	0.3962	0.00610167	0.591598	0	0	0	0	0	0	0
0.25	0.25	0.25	0.25	0	0	0	0	0	0	0
0	0	0	0	0	0	0	0	0	0	1
0	0	0	0	0	0	0	0	0	0	1
E	14	13
0.99	0	0.01
0.99	0	0.01
0.99	0	0.01
0.99	0	0.01
0.5	0	0.5
