S	2	-1
1	0	0
C	3	2
0.0660641	0.857872	0.0660641	0.01	0
0.33	0.33	0.33	0.01	0
0.33	0.33	0.33	0.01	0
0	0	0	0	0.0329297	0.0268885	0.0267242	0.439928	0.446501	0.0270284	0
0.142922	0.699538	0.00873866	0.148801	0	0	0	0	0	0	0
0.0499162	0.0498237	0.0497313	0.850529	0	0	0	0	0	0	0
0	0	0	0	0	0	0	0	0	0	1
0	0	0	0	0	0	0	0	0	0	1
C	4	3
0.489154	0.0196522	0.471194	0.01	0.01
0.27881	0.695389	0.00580111	0.01	0.01
0.942423	0	0.0375768	0.01	0.01
0.326667	0.326667	0.326667	0.01	0.01
0.163333	0.163333	0.163333	0.01	0.5
0	0	0	0	0.466194	0.249047	0.0143041	0.241834	0.0143232	0.0142979	0
0.260372	0.0123612	0.0119287	0.715338	0	0	0	0	0	0	0
0.849973	0.0500055	0.0500049	0.0500162	0	0	0	0	0	0	0
0	0	0	0	0	0	0	0	0	0	1
0	0	0	0	0	0	0	0	0	0	1
C	5	4
0.959787	0.010108	0.0101051	0.01	0.01
0.195087	0.584669	0.200244	0.01	0.01
0.942289	0	0.037711	0.01	0.01
0.326667	0.326667	0.326667	0.01	0.01
0.163333	0.163333	0.163333	0.01	0.5
0	0	0	0	0.00986262	0.182	0.166995	0.621457	0.00985615	0.00983002	0
0.0198234	0.94122	0.0192777	0.0196789	0	0	0	0	0	0	0
0.0500066	0.0500004	0.0500004	0.849993	0	0	0	0	0	0	0
0	0	0	0	0	0	0	0	0	0	1
0	0	0	0	0	0	0	0	0	0	1
C	6	5
0.962934	0.00860542	0.00846017	0.01	0.01
0.0135278	0.9534	0.0130723	0.01	0.01
0.942301	0	0.0376993	0.01	0.01
0.326667	0.326667	0.326667	0.01	0.01
0.163333	0.163333	0.163333	0.01	0.5
0	0	0	0	0.278223	0.552282	0.00848328	0.00848377	0.00848125	0.144047	0
0.32867	0.423673	0.0192278	0.228429	0	0	0	0	0	0	0
0.249958	0.249961	0.249949	0.250132	0	0	0	0	0	0	0
0	0	0	0	0	0	0	0	0	0	1
0	0	0	0	0	0	0	0	0	0	1
C	7	6
0.968045	0.00597764	0.00597761	0.01	0.01
0.0133203	0.95359	0.01309	0.01	0.01
0.490175	0	0.489825	0.01	0.01
0.326667	0.326667	0.326667	0.01	0.01
0.163333	0.163333	0.163333	0.01	0.5
0	0	0	0	0.144302	0.550727	0.279533	0.00847852	0.00847879	0.00848121	0
0.326011	0.0193502	0.0192494	0.635389	0	0	0	0	0	0	0
0.249979	0.250048	0.249975	0.249998	0	0	0	0	0	0	0
0	0	0	0	0	0	0	0	0	0	1
0	0	0	0	0	0	0	0	0	0	1
C	8	7
0.150448	0.823535	0.00601663	0.01	0.01
0.0146252	0.95075	0.0146251	0.01	0.01
0.490071	0	0.489929	0.01	0.01
0.326667	0.326667	0.326667	0.01	0.01
0.163333	0.163333	0.163333	0.01	0.5
0	0	0	0	0.0454559	0.0458019	0.0454365	0.772433	0.0454421	0.0454306	0
0.0070229	0.978932	0.00701203	0.00703277	0	0	0	0	0	0	0
0.24997	0.249999	0.249964	0.250067	0	0	0	0	0	0	0
0	0	0	0	0	0	0	0	0	0	1
0	0	0	0	0	0	0	0	0	0	1
C	9	8
0.90742	0.0362918	0.0362882	0.01	0.01
0.966566	0.00676432	0.0066692	0.01	0.01
0.490046	0	0.489954	0.01	0.01
0.326667	0.326667	0.326667	0.01	0.01
0.163333	0.163333	0.163333	0.01	0.5
0	0	0	0	0.415146	0.279678	0.279673	0.0085424	0.0084846	0.00847608	0
0.0333104	0.900314	0.033163	0.0332127	0	0	0	0	0	0	0
0.0500422	0.0500468	0.0500422	0.849869	0	0	0	0	0	0	0
0	0	0	0	0	0	0	0	0	0	1
0	0	0	0	0	0	0	0	0	0	1
C	10	9
0.967996	0.00600221	0.0060022	0.01	0.01
0.0232248	0.933559	0.0232165	0.01	0.01
0.03773	0	0.94227	0.01	0.01
0.326667	0.326667	0.326667	0.01	0.01
0.163333	0.163333	0.163333	0.01	0.5
0	0	0	0	0.100578	0.280046	0.280045	0.00854227	0.00848696	0.322302	0
0.916602	0.0278379	0.0277768	0.0277832	0	0	0	0	0	0	0
0.0500106	0.849967	0.0500106	0.0500113	0	0	0	0	0	0	0
0	0	0	0	0	0	0	0	0	0	1
0	0	0	0	0	0	0	0	0	0	1
C	11	10
0.920799	0.0529476	0.00625337	0.01	0.01
0.0192213	0.941524	0.0192545	0.01	0.01
0.942294	0	0.037706	0.01	0.01
0.326667	0.326667	0.326667	0.01	0.01
0.163333	0.163333	0.163333	0.01	0.5
0	0	0	0	0.00836953	0.142246	0.00836829	0.422629	0.410017	0.0083702	0
0.019807	0.940579	0.0198068	0.0198069	0	0	0	0	0	0	0
0.249924	0.249936	0.249924	0.250215	0	0	0	0	0	0	0
0	0	0	0	0	0	0	0	0	0	1
0	0	0	0	0	0	0	0	0	0	1
C	12	11
0.968584	0.00570792	0.00570775	0.01	0.01
0.0134774	0.953046	0.0134771	0.01	0.01
0.489595	0	0.490405	0.01	0.01
0.326667	0.326667	0.326667	0.01	0.01
0.163333	0.163333	0.163333	0.01	0.5
0	0	0	0	0.412839	0.278434	0.143424	0.148013	0.00884994	0.00844004	0
0.019447	0.941687	0.019433	0.0194328	0	0	0	0	0	0	0
0.249926	0.250213	0.249926	0.249934	0	0	0	0	0	0	0
0	0	0	0	0	0	0	0	0	0	1
0	0	0	0	0	0	0	0	0	0	1
C	13	12
0.968505	0.0057481	0.00574683	0.01	0.01
0.0132137	0.953573	0.0132136	0.01	0.01
0.490398	0	0.489602	0.01	0.01
0.326667	0.326667	0.326667	0.01	0.01
0.163333	0.163333	0.163333	0.01	0.5
0	0	0	0	0.414358	0.278998	0.143728	0.0137369	0.137802	0.0113782	0
0.320598	0.330934	0.329109	0.0193597	0	0	0	0	0	0	0
0.249998	0.250006	0.249998	0.249998	0	0	0	0	0	0	0
0	0	0	0	0	0	0	0	0	0	1
0	0	0	0	0	0	0	0	0	0	1
C	14	13
0.00666659	0.96673	0.00660349	0.01	0.01
0.0131689	0.953662	0.0131689	0.01	0.01
0.490002	0	0.489998	0.01	0.01
0.326667	0.326667	0.326667	0.01	0.01
0.163333	0.163333	0.163333	0.01	0.5
0	0	0	0	0.166436	0.166434	0.166434	0.167494	0.166675	0.166528	0
0.00610125	0.981702	0.00609834	0.00609834	0	0	0	0	0	0	0
0.250002	0.249999	0.249999	0.249999	0	0	0	0	0	0	0
0	0	0	0	0	0	0	0	0	0	1
0	0	0	0	0	0	0	0	0	0	1
C	15	14
0.326355	0.327387	0.326257	0.01	0.01
0.00403764	0.875029	0.100933	0.01	0.01
0.49	0	0.49	0.01	0.01
0.326667	0.326667	0.326667	0.01	0.01
0.163333	0.163333	0.163333	0.01	0.5
0	0	0	0	0.16665	0.166647	0.166647	0.166759	0.166648	0.166648	0
0.872001	0.114483	0.00675722	0.00675818	0	0	0	0	0	0	0
0.849996	0.0500015	0.0500015	0.0500015	0	0	0	0	0	0	0
0	0	0	0	0	0	0	0	0	0	1
0	0	0	0	0	0	0	0	0	0	1
C	16	15
0.326651	0.326699	0.32665	0.01	0.01
0.00448014	0.97104	0.00448014	0.01	0.01
0.942306	0	0.0376937	0.01	0.01
0.326667	0.326667	0.326667	0.01	0.01
0.163333	0.163333	0.163333	0.01	0.5
0	0	0	0	0.772726	0.0454548	0.0454548	0.0454548	0.0454548	0.0454548	0
0.0068683	0.115147	0.763549	0.114436	0	0	0	0	0	0	0
0.250005	0.249998	0.249998	0.249998	0	0	0	0	0	0	0
0	0	0	0	0	0	0	0	0	0	1
0	0	0	0	0	0	0	0	0	0	1
C	17	16
0.907406	0.0362971	0.0362971	0.01	0.01
0.00447626	0.971047	0.00447626	0.01	0.01
0.490001	0	0.489999	0.01	0.01
0.326667	0.326667	0.326667	0.01	0.01
0.163333	0.163333	0.163333	0.01	0.5
0	0	0	0	0.0454554	0.0454555	0.0454553	0.0454552	0.772723	0.0454552	0
0.00675711	0.223126	0.00675694	0.763359	0	0	0	0	0	0	0
0.25	0.25	0.25	0.25	0	0	0	0	0	0	0
0	0	0	0	0	0	0	0	0	0	1
0	0	0	0	0	0	0	0	0	0	1
C	18	17
0.907394	0.036303	0.0363029	0.01	0.01
0.00447554	0.971049	0.00447554	0.01	0.01
0.49	0	0.49	0.01	0.01
0.326667	0.326667	0.326667	0.01	0.01
0.163333	0.163333	0.163333	0.01	0.5
0	0	0	0	0.0454603	0.772676	0.045481	0.0454603	0.0454618	0.0454603	0
0.00675706	0.331068	0.655403	0.00677263	0	0	0	0	0	0	0
0.25	0.25	0.25	0.25	0	0	0	0	0	0	0
0	0	0	0	0	0	0	0	0	0	1
0	0	0	0	0	0	0	0	0	0	1
C	19	18
0.906387	0.0368181	0.0367952	0.01	0.01
0.00447523	0.97105	0.00447523	0.01	0.01
0.49	0	0.49	0.01	0.01
0.326667	0.326667	0.326667	0.01	0.01
0.163333	0.163333	0.163333	0.01	0.5
0	0	0	0	0.0459642	0.0459822	0.770161	0.0459642	0.0459643	0.0459642	0
0.00691475	0.330616	0.00674766	0.655721	0	0	0	0	0	0	0
0.25	0.25	0.25	0.25	0	0	0	0	0	0	0
0	0	0	0	0	0	0	0	0	0	1
0	0	0	0	0	0	0	0	0	0	1
E	20	19
0.99	0	0.01
0.99	0	0.01
0.99	0	0.01
0.99	0	0.01
0.5	0	0.5
