S	2	-1
1	0	0
C	3	2
0.0823593	0.825281	0.0823593	0.01	0
0.33	0.33	0.33	0.01	0
0.33	0.33	0.33	0.01	0
0	0	0	0	0.383259	0.199248	0.0118274	0.381792	0.0119556	0.011918	0
0.255412	0.713028	0.0156293	0.0159306	0	0	0	0	0	0	0
0.0505214	0.848739	0.0501832	0.0505563	0	0	0	0	0	0	0
0	0	0	0	0	0	0	0	0	0	1
0	0	0	0	0	0	0	0	0	0	1
C	4	3
0.963743	0.00812989	0.00812717	0.01	0.01
0.27889	0.6901	0.0110102	0.01	0.01
0.0381413	0	0.941859	0.01	0.01
0.326667	0.326667	0.326667	0.01	0.01
0.163333	0.163333	0.163333	0.01	0.5
0	0	0	0	0.165994	0.166936	0.00981518	0.323644	0.00990024	0.323711	0
0.0223596	0.375788	0.0217213	0.580131	0	0	0	0	0	0	0
0.0500851	0.849654	0.0500821	0.0501788	0	0	0	0	0	0	0
0	0	0	0	0	0	0	0	0	0	1
0	0	0	0	0	0	0	0	0	0	1
C	5	4
0.966613	0.00669343	0.0066931	0.01	0.01
0.0157999	0.948455	0.0157448	0.01	0.01
0.0378556	0	0.942144	0.01	0.01
0.326667	0.326667	0.326667	0.01	0.01
0.163333	0.163333	0.163333	0.01	0.5
0	0	0	0	0.635111	0.0098283	0.00982162	0.32561	0.00981292	0.00981659	0
0.0212323	0.934682	0.0215912	0.0224949	0	0	0	0	0	0	0
0.0500884	0.849732	0.0500861	0.0500933	0	0	0	0	0	0	0
0	0	0	0	0	0	0	0	0	0	1
0	0	0	0	0	0	0	0	0	0	1
C	6	5
0.328027	0.324615	0.327358	0.01	0.01
0.0158697	0.948269	0.0158615	0.01	0.01
0.941764	0	0.038236	0.01	0.01
0.326667	0.326667	0.326667	0.01	0.01
0.163333	0.163333	0.163333	0.01	0.5
0	0	0	0	0.0186646	0.907022	0.0185282	0.0187	0.0185278	0.0185578	0
0.26817	0.0131678	0.0128868	0.705775	0	0	0	0	0	0	0
0.471964	0.0279599	0.0277633	0.472312	0	0	0	0	0	0	0
0	0	0	0	0	0	0	0	0	0	1
0	0	0	0	0	0	0	0	0	0	1
C	7	6
0.63986	0.327063	0.0130772	0.01	0.01
0.293011	0.675604	0.011385	0.01	0.01
0.960411	0	0.0195894	0.01	0.01
0.326667	0.326667	0.326667	0.01	0.01
0.163333	0.163333	0.163333	0.01	0.5
0	0	0	0	0.0115658	0.381853	0.196577	0.381102	0.0115635	0.0173383	0
0.0175667	0.671615	0.0162717	0.294547	0	0	0	0	0	0	0
0.249712	0.249813	0.249699	0.250776	0	0	0	0	0	0	0
0	0	0	0	0	0	0	0	0	0	1
0	0	0	0	0	0	0	0	0	0	1
C	8	7
0.964031	0.00798487	0.00798462	0.01	0.01
0.0185142	0.684125	0.27736	0.01	0.01
0.491636	0	0.488364	0.01	0.01
0.326667	0.326667	0.326667	0.01	0.01
0.163333	0.163333	0.163333	0.01	0.5
0	0	0	0	0.167843	0.639422	0.0100162	0.0100305	0.00986757	0.162821	0
0.600213	0.0211098	0.020582	0.358095	0	0	0	0	0	0	0
0.0501091	0.050114	0.0501091	0.849668	0	0	0	0	0	0	0
0	0	0	0	0	0	0	0	0	0	1
0	0	0	0	0	0	0	0	0	0	1
C	9	8
0.963487	0.00801098	0.00850236	0.01	0.01
0.0141681	0.611834	0.353998	0.01	0.01
0.942172	0	0.0378284	0.01	0.01
0.326667	0.326667	0.326667	0.01	0.01
0.163333	0.163333	0.163333	0.01	0.5
0	0	0	0	0.00985073	0.63774	0.323025	0.00979783	0.00979333	0.00979344	0
0.0286617	0.0290452	0.0286026	0.91369	0	0	0	0	0	0	0
0.0498418	0.0518833	0.0498418	0.848433	0	0	0	0	0	0	0
0	0	0	0	0	0	0	0	0	0	1
0	0	0	0	0	0	0	0	0	0	1
C	10	9
0.00810693	0.961781	0.0101122	0.01	0.01
0.0244813	0.931047	0.0244714	0.01	0.01
0.0376526	0	0.942347	0.01	0.01
0.326667	0.326667	0.326667	0.01	0.01
0.163333	0.163333	0.163333	0.01	0.5
0	0	0	0	0.0459322	0.045712	0.0455322	0.771759	0.0455331	0.0455319	0
0.0091134	0.972632	0.00911213	0.0091425	0	0	0	0	0	0	0
0.0278113	0.916566	0.0278113	0.0278117	0	0	0	0	0	0	0
0	0	0	0	0	0	0	0	0	0	1
0	0	0	0	0	0	0	0	0	0	1
C	11	10
0.907218	0.0363911	0.0363909	0.01	0.01
0.966532	0.00679968	0.0066685	0.01	0.01
0.490864	0	0.489136	0.01	0.01
0.326667	0.326667	0.326667	0.01	0.01
0.163333	0.163333	0.163333	0.01	0.5
0	0	0	0	0.365612	0.24629	0.246295	0.00746871	0.126871	0.00746384	0
0.0979934	0.70782	0.0970922	0.0970947	0	0	0	0	0	0	0
0.0501103	0.849668	0.0501103	0.0501116	0	0	0	0	0	0	0
0	0	0	0	0	0	0	0	0	0	1
0	0	0	0	0	0	0	0	0	0	1
C	12	11
0.969911	0.00504457	0.00504457	0.01	0.01
0.0788786	0.822317	0.0788047	0.01	0.01
0.0378099	0	0.94219	0.01	0.01
0.326667	0.326667	0.326667	0.01	0.01
0.163333	0.163333	0.163333	0.01	0.5
0	0	0	0	0.242985	0.246425	0.246445	0.00749335	0.0074734	0.249178	0
0.850014	0.0500827	0.0499518	0.0499519	0	0	0	0	0	0	0
0.0500898	0.84973	0.0500898	0.0500898	0	0	0	0	0	0	0
0	0	0	0	0	0	0	0	0	0	1
0	0	0	0	0	0	0	0	0	0	1
C	13	12
0.965936	0.00854406	0.00552008	0.01	0.01
0.0362607	0.907479	0.0362607	0.01	0.01
0.942229	0	0.0377713	0.01	0.01
0.326667	0.326667	0.326667	0.01	0.01
0.163333	0.163333	0.163333	0.01	0.5
0	0	0	0	0.00729133	0.123182	0.00724935	0.501257	0.353771	0.0072493	0
0.0314182	0.905746	0.0314181	0.0314181	0	0	0	0	0	0	0
0.249999	0.250003	0.249999	0.249999	0	0	0	0	0	0	0
0	0	0	0	0	0	0	0	0	0	1
0	0	0	0	0	0	0	0	0	0	1
C	14	13
0.969581	0.00520976	0.0052097	0.01	0.01
0.0219046	0.936191	0.0219046	0.01	0.01
0.490005	0	0.489995	0.01	0.01
0.326667	0.326667	0.326667	0.01	0.01
0.163333	0.163333	0.163333	0.01	0.5
0	0	0	0	0.254638	0.3779	0.131163	0.219425	0.00915493	0.00771865	0
0.0299994	0.910014	0.0299937	0.0299929	0	0	0	0	0	0	0
0.25	0.25	0.25	0.25	0	0	0	0	0	0	0
0	0	0	0	0	0	0	0	0	0	1
0	0	0	0	0	0	0	0	0	0	1
C	15	14
0.968765	0.00562556	0.0056097	0.01	0.01
0.0208607	0.938279	0.0208607	0.01	0.01
0.49	0	0.49	0.01	0.01
0.326667	0.326667	0.326667	0.01	0.01
0.163333	0.163333	0.163333	0.01	0.5
0	0	0	0	0.384233	0.258761	0.133305	0.189865	0.00784191	0.0259942	0
0.434919	0.0310765	0.504337	0.0296672	0	0	0	0	0	0	0
0.25	0.25	0.25	0.25	0	0	0	0	0	0	0
0	0	0	0	0	0	0	0	0	0	1
0	0	0	0	0	0	0	0	0	0	1
C	16	15
0.00529989	0.9694	0.00529964	0.01	0.01
0.0206101	0.93878	0.0206101	0.01	0.01
0.49	0	0.49	0.01	0.01
0.326667	0.326667	0.326667	0.01	0.01
0.163333	0.163333	0.163333	0.01	0.5
0	0	0	0	0.166526	0.166526	0.166524	0.167129	0.166523	0.166771	0
0.00609901	0.981704	0.0060984	0.0060984	0	0	0	0	0	0	0
0.250002	0.249999	0.249999	0.249999	0	0	0	0	0	0	0
0	0	0	0	0	0	0	0	0	0	1
0	0	0	0	0	0	0	0	0	0	1
C	17	16
0.325894	0.328219	0.325887	0.01	0.01
0.00406241	0.874384	0.101553	0.01	0.01
0.49	0	0.49	0.01	0.01
0.326667	0.326667	0.326667	0.01	0.01
0.163333	0.163333	0.163333	0.01	0.5
0	0	0	0	0.166666	0.166663	0.166663	0.166679	0.166663	0.166665	0
0.872022	0.114451	0.00676263	0.006764	0	0	0	0	0	0	0
0.849996	0.0500015	0.0500015	0.0500015	0	0	0	0	0	0	0
0	0	0	0	0	0	0	0	0	0	1
0	0	0	0	0	0	0	0	0	0	1
C	18	17
0.326649	0.326702	0.326649	0.01	0.01
0.00476465	0.970471	0.00476465	0.01	0.01
0.942306	0	0.0376937	0.01	0.01
0.326667	0.326667	0.326667	0.01	0.01
0.163333	0.163333	0.163333	0.01	0.5
0	0	0	0	0.772726	0.0454548	0.0454548	0.0454548	0.0454548	0.0454548	0
0.00885762	0.179345	0.692277	0.11952	0	0	0	0	0	0	0
0.250005	0.249998	0.249998	0.249998	0	0	0	0	0	0	0
0	0	0	0	0	0	0	0	0	0	1
0	0	0	0	0	0	0	0	0	0	1
C	19	18
0.907406	0.0362972	0.0362972	0.01	0.01
0.00501522	0.96997	0.00501522	0.01	0.01
0.490001	0	0.489999	0.01	0.01
0.326667	0.326667	0.326667	0.01	0.01
0.163333	0.163333	0.163333	0.01	0.5
0	0	0	0	0.0454555	0.0454557	0.0454554	0.0454553	0.772723	0.0454553	0
0.00714933	0.177953	0.00906737	0.80583	0	0	0	0	0	0	0
0.25	0.25	0.25	0.25	0	0	0	0	0	0	0
0	0	0	0	0	0	0	0	0	0	1
0	0	0	0	0	0	0	0	0	0	1
C	20	19
0.907393	0.0363037	0.0363036	0.01	0.01
0.00474278	0.970514	0.00474278	0.01	0.01
0.49	0	0.49	0.01	0.01
0.326667	0.326667	0.326667	0.01	0.01
0.163333	0.163333	0.163333	0.01	0.5
0	0	0	0	0.0454609	0.772671	0.0454839	0.0454609	0.0454624	0.0454609	0
0.00677536	0.224552	0.761871	0.00680099	0	0	0	0	0	0	0
0.25	0.25	0.25	0.25	0	0	0	0	0	0	0
0	0	0	0	0	0	0	0	0	0	1
0	0	0	0	0	0	0	0	0	0	1
C	21	20
0.906282	0.0368716	0.0368459	0.01	0.01
0.00502089	0.969958	0.00502089	0.01	0.01
0.49	0	0.49	0.01	0.01
0.326667	0.326667	0.326667	0.01	0.01
0.163333	0.163333	0.163333	0.01	0.5
0	0	0	0	0.046016	0.0460341	0.769902	0.046016	0.0460161	0.046016	0
0.0077567	0.249249	0.00941648	0.733577	0	0	0	0	0	0	0
0.25	0.25	0.25	0.25	0	0	0	0	0	0	0
0	0	0	0	0	0	0	0	0	0	1
0	0	0	0	0	0	0	0	0	0	1
E	22	21
0.99	0	0.01
0.99	0	0.01
0.99	0	0.01
0.99	0	0.01
0.5	0	0.5
